iy id it imin qn qh qe qs qf U RH Tair pres rain kdown snow ldown fcld Wuh xsmd lai kdiff kdir wdir
2018 17 1 0 -999.0 -0.0 -0.0 -999.0 -999.0 4.12 53.84 17.77 101.11 0.0 0.0 -999.0 301.66 -999.0 -999.0 -999.0 -999.0 -999.0 -999.0 -999.0
2018 17 2 0 -999.0 -0.0 -0.0 -999.0 -999.0 3.97 47.02 16.64 101.07 0.0 0.0 -999.0 298.49 -999.0 -999.0 -999.0 -999.0 -999.0 -999.0 -999.0
2018 17 3 0 -999.0 -0.0 -0.0 -999.0 -999.0 3.79 44.83 16.56 101.08 0.0 0.0 -999.0 295.11 -999.0 -999.0 -999.0 -999.0 -999.0 -999.0 -999.0
2018 17 4 0 -999.0 -0.0 -0.0 -999.0 -999.0 3.61 44.4 16.54 101.05 0.0 0.0 -999.0 292.12 -999.0 -999.0 -999.0 -999.0 -999.0 -999.0 -999.0
2018 17 5 0 -999.0 -0.0 -0.0 -999.0 -999.0 3.48 49.07 15.48 101.05 0.0 0.0 -999.0 289.36 -999.0 -999.0 -999.0 -999.0 -999.0 -999.0 -999.0
2018 17 6 0 -999.0 -0.0 -0.0 -999.0 -999.0 3.42 47.69 15.33 101.08 0.0 0.0 -999.0 287.06 -999.0 -999.0 -999.0 -999.0 -999.0 -999.0 -999.0
2018 17 7 0 -999.0 -0.0 -0.0 -999.0 -999.0 3.44 48.58 14.71 101.12 0.0 0.0 -999.0 285.44 -999.0 -999.0 -999.0 -999.0 -999.0 -999.0 -999.0
2018 17 8 0 -999.0 -0.0 -0.0 -999.0 -999.0 3.52 46.84 15.43 101.15 0.0 5.48 -999.0 283.93 -999.0 -999.0 -999.0 -999.0 -999.0 -999.0 -999.0
2018 17 9 0 -999.0 -0.0 -0.0 -999.0 -999.0 3.79 44.28 16.18 101.25 0.0 135.89 -999.0 284.63 -999.0 -999.0 -999.0 -999.0 -999.0 -999.0 -999.0
2018 17 10 0 -999.0 -0.0 -0.0 -999.0 -999.0 4.57 30.23 20.86 101.3 0.0 363.24 -999.0 289.38 -999.0 -999.0 -999.0 -999.0 -999.0 -999.0 -999.0
2018 17 11 0 -999.0 -0.0 -0.0 -999.0 -999.0 4.82 28.51 22.44 101.31 0.0 578.99 -999.0 295.31 -999.0 -999.0 -999.0 -999.0 -999.0 -999.0 -999.0
2018 17 12 0 -999.0 -0.0 -0.0 -999.0 -999.0 4.82 27.4 23.41 101.25 0.0 746.13 -999.0 301.58 -999.0 -999.0 -999.0 -999.0 -999.0 -999.0 -999.0
2018 17 13 0 -999.0 -0.0 -0.0 -999.0 -999.0 4.64 26.83 23.87 101.22 0.0 846.36 -999.0 307.2 -999.0 -999.0 -999.0 -999.0 -999.0 -999.0 -999.0
2018 17 14 0 -999.0 -0.0 -0.0 -999.0 -999.0 4.4 22.88 27.05 101.07 0.0 869.88 -999.0 311.95 -999.0 -999.0 -999.0 -999.0 -999.0 -999.0 -999.0
2018 17 15 0 -999.0 -0.0 -0.0 -999.0 -999.0 4.26 23.07 26.92 101.01 0.0 814.99 -999.0 315.2 -999.0 -999.0 -999.0 -999.0 -999.0 -999.0 -999.0
2018 17 16 0 -999.0 -0.0 -0.0 -999.0 -999.0 4.23 23.57 26.87 100.93 0.0 686.08 -999.0 316.86 -999.0 -999.0 -999.0 -999.0 -999.0 -999.0 -999.0
2018 17 17 0 -999.0 -0.0 -0.0 -999.0 -999.0 4.3 29.87 25.04 100.94 0.0 496.32 -999.0 316.32 -999.0 -999.0 -999.0 -999.0 -999.0 -999.0 -999.0
2018 17 18 0 -999.0 -0.0 -0.0 -999.0 -999.0 4.06 41.42 22.4 100.94 0.0 269.62 -999.0 313.68 -999.0 -999.0 -999.0 -999.0 -999.0 -999.0 -999.0
2018 17 19 0 -999.0 -0.0 -0.0 -999.0 -999.0 3.66 51.32 20.33 100.95 0.0 61.37 -999.0 309.99 -999.0 -999.0 -999.0 -999.0 -999.0 -999.0 -999.0
2018 17 20 0 -999.0 -0.0 -0.0 -999.0 -999.0 3.61 59.23 16.55 101.01 0.0 0.0 -999.0 304.86 -999.0 -999.0 -999.0 -999.0 -999.0 -999.0 -999.0
2018 17 21 0 -999.0 -0.0 -0.0 -999.0 -999.0 3.48 60.4 16.67 101.07 0.0 0.0 -999.0 301.7 -999.0 -999.0 -999.0 -999.0 -999.0 -999.0 -999.0
2018 17 22 0 -999.0 -0.0 -0.0 -999.0 -999.0 3.73 64.99 16.53 101.13 0.0 0.0 -999.0 299.51 -999.0 -999.0 -999.0 -999.0 -999.0 -999.0 -999.0
2018 17 23 0 -999.0 -0.0 -0.0 -999.0 -999.0 3.59 61.61 16.43 101.18 0.0 0.0 -999.0 297.56 -999.0 -999.0 -999.0 -999.0 -999.0 -999.0 -999.0
2018 18 0 0 -999.0 -0.0 -0.0 -999.0 -999.0 3.54 55.09 16.92 101.21 0.0 0.0 -999.0 295.23 -999.0 -999.0 -999.0 -999.0 -999.0 -999.0 -999.0
