iy id it imin qn qh qe qs qf U RH Tair pres rain kdown snow ldown fcld Wuh xsmd lai kdiff kdir wdir
2017 104 1 0 -999.0 -0.0 -0.0 -999.0 -999.0 2.72 47.3 25.02 100.59 0.0 0.0 -999.0 347.76 -999.0 -999.0 -999.0 -999.0 -999.0 -999.0 -999.0
2017 104 2 0 -999.0 -0.0 -0.0 -999.0 -999.0 2.61 51.53 23.5 100.55 0.0 0.0 -999.0 345.07 -999.0 -999.0 -999.0 -999.0 -999.0 -999.0 -999.0
2017 104 3 0 -999.0 -0.0 -0.0 -999.0 -999.0 2.65 48.92 23.75 100.52 0.0 0.0 -999.0 342.93 -999.0 -999.0 -999.0 -999.0 -999.0 -999.0 -999.0
2017 104 4 0 -999.0 -0.0 -0.0 -999.0 -999.0 2.77 45.57 24.18 100.48 0.0 0.0 -999.0 341.67 -999.0 -999.0 -999.0 -999.0 -999.0 -999.0 -999.0
2017 104 5 0 -999.0 -0.0 -0.0 -999.0 -999.0 2.95 40.51 23.61 100.49 0.0 0.0 -999.0 341.1 -999.0 -999.0 -999.0 -999.0 -999.0 -999.0 -999.0
2017 104 6 0 -999.0 -0.0 -0.0 -999.0 -999.0 3.05 33.22 24.25 100.53 0.0 0.0 -999.0 340.77 -999.0 -999.0 -999.0 -999.0 -999.0 -999.0 -999.0
2017 104 7 0 -999.0 -0.0 -0.0 -999.0 -999.0 2.99 28.8 25.04 100.56 0.0 0.04 -999.0 336.08 -999.0 -999.0 -999.0 -999.0 -999.0 -999.0 -999.0
2017 104 8 0 -999.0 -0.0 -0.0 -999.0 -999.0 3.18 21.23 28.09 100.64 0.0 78.77 -999.0 336.41 -999.0 -999.0 -999.0 -999.0 -999.0 -999.0 -999.0
2017 104 9 0 -999.0 -0.0 -0.0 -999.0 -999.0 3.01 20.82 30.08 100.68 0.0 303.96 -999.0 341.36 -999.0 -999.0 -999.0 -999.0 -999.0 -999.0 -999.0
2017 104 10 0 -999.0 -0.0 -0.0 -999.0 -999.0 3.25 12.9 35.62 100.71 0.0 552.52 -999.0 349.54 -999.0 -999.0 -999.0 -999.0 -999.0 -999.0 -999.0
2017 104 11 0 -999.0 -0.0 -0.0 -999.0 -999.0 4.02 11.96 38.05 100.65 0.0 771.32 -999.0 358.75 -999.0 -999.0 -999.0 -999.0 -999.0 -999.0 -999.0
2017 104 12 0 -999.0 -0.0 -0.0 -999.0 -999.0 4.58 11.09 39.82 100.62 0.0 934.63 -999.0 367.43 -999.0 -999.0 -999.0 -999.0 -999.0 -999.0 -999.0
2017 104 13 0 -999.0 -0.0 -0.0 -999.0 -999.0 3.97 11.03 40.41 100.54 0.0 1026.7 -999.0 374.7 -999.0 -999.0 -999.0 -999.0 -999.0 -999.0 -999.0
2017 104 14 0 -999.0 -0.0 -0.0 -999.0 -999.0 3.26 9.62 41.79 100.47 0.0 1039.56 -999.0 379.22 -999.0 -999.0 -999.0 -999.0 -999.0 -999.0 -999.0
2017 104 15 0 -999.0 -0.0 -0.0 -999.0 -999.0 2.88 9.57 42.18 100.36 0.0 971.91 -999.0 379.92 -999.0 -999.0 -999.0 -999.0 -999.0 -999.0 -999.0
2017 104 16 0 -999.0 -0.0 -0.0 -999.0 -999.0 2.6 9.76 42.22 100.32 0.0 829.07 -999.0 378.02 -999.0 -999.0 -999.0 -999.0 -999.0 -999.0 -999.0
2017 104 17 0 -999.0 -0.0 -0.0 -999.0 -999.0 2.32 11.98 40.6 100.29 0.0 623.88 -999.0 373.45 -999.0 -999.0 -999.0 -999.0 -999.0 -999.0 -999.0
2017 104 18 0 -999.0 -0.0 -0.0 -999.0 -999.0 2.15 13.9 38.75 100.3 0.0 378.88 -999.0 366.58 -999.0 -999.0 -999.0 -999.0 -999.0 -999.0 -999.0
2017 104 19 0 -999.0 -0.0 -0.0 -999.0 -999.0 1.95 18.21 36.95 100.33 0.0 135.59 -999.0 361.51 -999.0 -999.0 -999.0 -999.0 -999.0 -999.0 -999.0
2017 104 20 0 -999.0 -0.0 -0.0 -999.0 -999.0 2.33 31.18 29.95 100.42 0.0 5.03 -999.0 351.03 -999.0 -999.0 -999.0 -999.0 -999.0 -999.0 -999.0
2017 104 21 0 -999.0 -0.0 -0.0 -999.0 -999.0 2.84 35.41 29.41 100.5 0.0 0.0 -999.0 345.22 -999.0 -999.0 -999.0 -999.0 -999.0 -999.0 -999.0
2017 104 22 0 -999.0 -0.0 -0.0 -999.0 -999.0 3.01 41.12 26.51 100.56 0.0 0.0 -999.0 342.23 -999.0 -999.0 -999.0 -999.0 -999.0 -999.0 -999.0
2017 104 23 0 -999.0 -0.0 -0.0 -999.0 -999.0 2.8 41.72 26.27 100.6 0.0 0.0 -999.0 340.74 -999.0 -999.0 -999.0 -999.0 -999.0 -999.0 -999.0
2017 105 0 0 -999.0 -0.0 -0.0 -999.0 -999.0 2.59 42.92 26.14 100.64 0.0 0.0 -999.0 338.79 -999.0 -999.0 -999.0 -999.0 -999.0 -999.0 -999.0
