iy id it imin qn qh qe qs qf U RH Tair pres rain kdown snow ldown fcld Wuh xsmd lai kdiff kdir wdir
2022 131 1 0 -999.0 -0.0 -0.0 -999.0 -999.0 2.59 88.3 22.05 100.75 0.0 0.0 -999.0 356.68 -999.0 -999.0 -999.0 -999.0 -999.0 -999.0 -999.0
2022 131 2 0 -999.0 -0.0 -0.0 -999.0 -999.0 2.72 92.44 21.37 100.68 0.0 0.0 -999.0 359.35 -999.0 -999.0 -999.0 -999.0 -999.0 -999.0 -999.0
2022 131 3 0 -999.0 -0.0 -0.0 -999.0 -999.0 2.73 93.14 21.34 100.61 0.0 0.0 -999.0 355.7 -999.0 -999.0 -999.0 -999.0 -999.0 -999.0 -999.0
2022 131 4 0 -999.0 -0.0 -0.0 -999.0 -999.0 2.61 93.45 21.51 100.57 0.0 0.0 -999.0 347.67 -999.0 -999.0 -999.0 -999.0 -999.0 -999.0 -999.0
2022 131 5 0 -999.0 -0.0 -0.0 -999.0 -999.0 2.44 96.14 20.55 100.58 0.0 0.0 -999.0 344.38 -999.0 -999.0 -999.0 -999.0 -999.0 -999.0 -999.0
2022 131 6 0 -999.0 -0.0 -0.0 -999.0 -999.0 2.12 95.18 20.83 100.6 0.0 0.0 -999.0 342.91 -999.0 -999.0 -999.0 -999.0 -999.0 -999.0 -999.0
2022 131 7 0 -999.0 -0.0 -0.0 -999.0 -999.0 2.02 94.77 20.97 100.65 0.0 2.93 -999.0 343.25 -999.0 -999.0 -999.0 -999.0 -999.0 -999.0 -999.0
2022 131 8 0 -999.0 -0.0 -0.0 -999.0 -999.0 2.14 85.39 22.91 100.69 0.0 113.96 -999.0 344.08 -999.0 -999.0 -999.0 -999.0 -999.0 -999.0 -999.0
2022 131 9 0 -999.0 -0.0 -0.0 -999.0 -999.0 2.04 76.11 24.43 100.72 0.0 339.11 -999.0 348.4 -999.0 -999.0 -999.0 -999.0 -999.0 -999.0 -999.0
2022 131 10 0 -999.0 -0.0 -0.0 -999.0 -999.0 2.16 59.83 29.0 100.72 0.0 575.68 -999.0 354.0 -999.0 -999.0 -999.0 -999.0 -999.0 -999.0 -999.0
2022 131 11 0 -999.0 -0.0 -0.0 -999.0 -999.0 2.01 52.92 30.48 100.7 0.0 780.94 -999.0 360.17 -999.0 -999.0 -999.0 -999.0 -999.0 -999.0 -999.0
2022 131 12 0 -999.0 -0.0 -0.0 -999.0 -999.0 2.04 46.02 32.05 100.65 0.0 931.25 -999.0 366.81 -999.0 -999.0 -999.0 -999.0 -999.0 -999.0 -999.0
2022 131 13 0 -999.0 -0.0 -0.0 -999.0 -999.0 2.14 40.04 32.5 100.58 0.0 1012.73 -999.0 373.8 -999.0 -999.0 -999.0 -999.0 -999.0 -999.0 -999.0
2022 131 14 0 -999.0 -0.0 -0.0 -999.0 -999.0 2.26 31.92 35.07 100.5 0.0 1018.12 -999.0 379.65 -999.0 -999.0 -999.0 -999.0 -999.0 -999.0 -999.0
2022 131 15 0 -999.0 -0.0 -0.0 -999.0 -999.0 2.41 32.65 36.53 100.42 0.0 946.86 -999.0 383.41 -999.0 -999.0 -999.0 -999.0 -999.0 -999.0 -999.0
2022 131 16 0 -999.0 -0.0 -0.0 -999.0 -999.0 2.45 34.18 36.7 100.39 0.0 806.03 -999.0 385.03 -999.0 -999.0 -999.0 -999.0 -999.0 -999.0 -999.0
2022 131 17 0 -999.0 -0.0 -0.0 -999.0 -999.0 2.4 38.59 34.16 100.33 0.0 609.28 -999.0 383.69 -999.0 -999.0 -999.0 -999.0 -999.0 -999.0 -999.0
2022 131 18 0 -999.0 -0.0 -0.0 -999.0 -999.0 2.45 46.82 29.74 100.35 0.0 378.03 -999.0 377.41 -999.0 -999.0 -999.0 -999.0 -999.0 -999.0 -999.0
2022 131 19 0 -999.0 -0.0 -0.0 -999.0 -999.0 2.38 53.69 28.27 100.36 0.0 146.9 -999.0 367.17 -999.0 -999.0 -999.0 -999.0 -999.0 -999.0 -999.0
2022 131 20 0 -999.0 -0.0 -0.0 -999.0 -999.0 2.15 66.77 24.44 100.42 0.0 8.44 -999.0 357.17 -999.0 -999.0 -999.0 -999.0 -999.0 -999.0 -999.0
2022 131 21 0 -999.0 -0.0 -0.0 -999.0 -999.0 2.23 68.44 24.49 100.49 0.0 0.0 -999.0 352.44 -999.0 -999.0 -999.0 -999.0 -999.0 -999.0 -999.0
2022 131 22 0 -999.0 -0.0 -0.0 -999.0 -999.0 2.16 79.69 23.34 100.56 0.0 0.0 -999.0 350.78 -999.0 -999.0 -999.0 -999.0 -999.0 -999.0 -999.0
2022 131 23 0 -999.0 -0.0 -0.0 -999.0 -999.0 2.02 80.95 23.25 100.61 0.0 0.0 -999.0 349.08 -999.0 -999.0 -999.0 -999.0 -999.0 -999.0 -999.0
2022 132 0 0 -999.0 -0.0 -0.0 -999.0 -999.0 2.22 81.12 22.97 100.63 0.0 0.0 -999.0 346.07 -999.0 -999.0 -999.0 -999.0 -999.0 -999.0 -999.0
