iy id it imin qn qh qe qs qf U RH Tair pres rain kdown snow ldown fcld Wuh xsmd lai kdiff kdir wdir
2017 264 1 0 -999.0 -0.0 -0.0 -999.0 -999.0 2.64 95.33 27.04 100.68 0.0 0.0 -999.0 388.2 -999.0 -999.0 -999.0 -999.0 -999.0 -999.0 -999.0
2017 264 2 0 -999.0 -0.0 -0.0 -999.0 -999.0 2.33 96.63 26.81 100.64 0.0 0.0 -999.0 394.35 -999.0 -999.0 -999.0 -999.0 -999.0 -999.0 -999.0
2017 264 3 0 -999.0 -0.0 -0.0 -999.0 -999.0 2.26 97.09 26.89 100.58 0.0 0.0 -999.0 395.89 -999.0 -999.0 -999.0 -999.0 -999.0 -999.0 -999.0
2017 264 4 0 -999.0 -0.0 -0.0 -999.0 -999.0 2.26 97.77 26.91 100.54 0.0 0.0 -999.0 391.6 -999.0 -999.0 -999.0 -999.0 -999.0 -999.0 -999.0
2017 264 5 0 -999.0 -0.0 -0.0 -999.0 -999.0 2.23 97.73 26.32 100.56 0.0 0.0 -999.0 383.97 -999.0 -999.0 -999.0 -999.0 -999.0 -999.0 -999.0
2017 264 6 0 -999.0 -0.0 -0.0 -999.0 -999.0 2.33 97.52 26.58 100.57 0.0 0.0 -999.0 384.11 -999.0 -999.0 -999.0 -999.0 -999.0 -999.0 -999.0
2017 264 7 0 -999.0 -0.0 -0.0 -999.0 -999.0 2.34 95.77 26.41 100.59 0.0 0.0 -999.0 382.2 -999.0 -999.0 -999.0 -999.0 -999.0 -999.0 -999.0
2017 264 8 0 -999.0 -0.0 -0.0 -999.0 -999.0 2.73 93.01 27.45 100.6 0.0 76.28 -999.0 379.14 -999.0 -999.0 -999.0 -999.0 -999.0 -999.0 -999.0
2017 264 9 0 -999.0 -0.0 -0.0 -999.0 -999.0 2.77 87.12 27.95 100.65 0.0 301.26 -999.0 381.59 -999.0 -999.0 -999.0 -999.0 -999.0 -999.0 -999.0
2017 264 10 0 -999.0 -0.0 -0.0 -999.0 -999.0 2.41 69.15 31.67 100.67 0.0 546.51 -999.0 384.91 -999.0 -999.0 -999.0 -999.0 -999.0 -999.0 -999.0
2017 264 11 0 -999.0 -0.0 -0.0 -999.0 -999.0 1.86 64.75 31.99 100.7 0.0 757.24 -999.0 389.21 -999.0 -999.0 -999.0 -999.0 -999.0 -999.0 -999.0
2017 264 12 0 -999.0 -0.0 -0.0 -999.0 -999.0 1.32 60.1 32.88 100.64 0.0 908.85 -999.0 393.96 -999.0 -999.0 -999.0 -999.0 -999.0 -999.0 -999.0
2017 264 13 0 -999.0 -0.0 -0.0 -999.0 -999.0 0.8 56.97 33.3 100.57 0.0 988.6 -999.0 398.78 -999.0 -999.0 -999.0 -999.0 -999.0 -999.0 -999.0
2017 264 14 0 -999.0 -0.0 -0.0 -999.0 -999.0 0.38 53.13 34.47 100.49 0.0 988.5 -999.0 403.44 -999.0 -999.0 -999.0 -999.0 -999.0 -999.0 -999.0
2017 264 15 0 -999.0 -0.0 -0.0 -999.0 -999.0 0.21 51.96 35.04 100.43 0.0 909.71 -999.0 407.25 -999.0 -999.0 -999.0 -999.0 -999.0 -999.0 -999.0
2017 264 16 0 -999.0 -0.0 -0.0 -999.0 -999.0 0.91 52.62 34.18 100.41 0.0 758.72 -999.0 408.83 -999.0 -999.0 -999.0 -999.0 -999.0 -999.0 -999.0
2017 264 17 0 -999.0 -0.0 -0.0 -999.0 -999.0 1.57 56.97 31.96 100.39 0.0 550.95 -999.0 406.33 -999.0 -999.0 -999.0 -999.0 -999.0 -999.0 -999.0
2017 264 18 0 -999.0 -0.0 -0.0 -999.0 -999.0 1.69 63.74 31.21 100.43 0.0 311.79 -999.0 399.52 -999.0 -999.0 -999.0 -999.0 -999.0 -999.0 -999.0
2017 264 19 0 -999.0 -0.0 -0.0 -999.0 -999.0 1.12 68.91 30.17 100.43 0.0 82.63 -999.0 400.74 -999.0 -999.0 -999.0 -999.0 -999.0 -999.0 -999.0
2017 264 20 0 -999.0 -0.0 -0.0 -999.0 -999.0 1.03 83.07 27.19 100.51 0.0 0.04 -999.0 391.61 -999.0 -999.0 -999.0 -999.0 -999.0 -999.0 -999.0
2017 264 21 0 -999.0 -0.0 -0.0 -999.0 -999.0 1.13 85.39 26.63 100.54 0.0 0.0 -999.0 387.06 -999.0 -999.0 -999.0 -999.0 -999.0 -999.0 -999.0
2017 264 22 0 -999.0 -0.0 -0.0 -999.0 -999.0 1.02 96.92 25.97 100.6 0.0 0.0 -999.0 384.24 -999.0 -999.0 -999.0 -999.0 -999.0 -999.0 -999.0
2017 264 23 0 -999.0 -0.0 -0.0 -999.0 -999.0 1.0 96.05 25.97 100.61 0.0 0.0 -999.0 381.64 -999.0 -999.0 -999.0 -999.0 -999.0 -999.0 -999.0
2017 265 0 0 -999.0 -0.0 -0.0 -999.0 -999.0 1.03 94.84 26.02 100.61 0.0 0.0 -999.0 381.52 -999.0 -999.0 -999.0 -999.0 -999.0 -999.0 -999.0
