%iy id it imin Q* QH QE Qs Qf Wind RH Td press rain Kdn snow ldown fcld wuh xsmd lai_hr Kdiff Kdir Wd
2017 262 0 0 -999.0 -0.0 -0.0 -999.0 -999.0 1.76 95.78 25.09 101.04 2.29 0.0 -999.0 437.28 -999.0 -999.0 -999.0 -999.0 -999.0 -999.0 -999.0
2017 262 1 0 -999.0 -0.0 -0.0 -999.0 -999.0 1.67 96.6 24.86 101.04 0.9 0.0 -999.0 437.31 -999.0 -999.0 -999.0 -999.0 -999.0 -999.0 -999.0
2017 262 2 0 -999.0 -0.0 -0.0 -999.0 -999.0 1.72 97.66 24.52 100.9 2.88 0.0 -999.0 435.69 -999.0 -999.0 -999.0 -999.0 -999.0 -999.0 -999.0
2017 262 3 0 -999.0 -0.0 -0.0 -999.0 -999.0 1.08 98.15 24.46 100.87 7.2 0.0 -999.0 433.92 -999.0 -999.0 -999.0 -999.0 -999.0 -999.0 -999.0
2017 262 4 0 -999.0 -0.0 -0.0 -999.0 -999.0 1.78 98.13 24.5 100.82 12.58 0.0 -999.0 433.78 -999.0 -999.0 -999.0 -999.0 -999.0 -999.0 -999.0
2017 262 5 0 -999.0 -0.0 -0.0 -999.0 -999.0 1.59 96.93 24.57 100.84 8.98 0.0 -999.0 430.65 -999.0 -999.0 -999.0 -999.0 -999.0 -999.0 -999.0
2017 262 6 0 -999.0 -0.0 -0.0 -999.0 -999.0 1.74 95.82 25.04 100.88 3.22 0.0 -999.0 430.16 -999.0 -999.0 -999.0 -999.0 -999.0 -999.0 -999.0
2017 262 7 0 -999.0 -0.0 -0.0 -999.0 -999.0 1.55 96.27 25.29 100.92 0.0 0.0 -999.0 419.15 -999.0 -999.0 -999.0 -999.0 -999.0 -999.0 -999.0
2017 262 8 0 -999.0 -0.0 -0.0 -999.0 -999.0 1.76 96.17 26.22 100.98 0.0 51.82 -999.0 413.24 -999.0 -999.0 -999.0 -999.0 -999.0 -999.0 -999.0
2017 262 9 0 -999.0 -0.0 -0.0 -999.0 -999.0 2.0 93.24 26.98 101.03 0.0 208.5 -999.0 422.29 -999.0 -999.0 -999.0 -999.0 -999.0 -999.0 -999.0
2017 262 10 0 -999.0 -0.0 -0.0 -999.0 -999.0 2.32 78.79 29.15 101.08 0.0 428.5 -999.0 426.04 -999.0 -999.0 -999.0 -999.0 -999.0 -999.0 -999.0
2017 262 11 0 -999.0 -0.0 -0.0 -999.0 -999.0 2.07 74.98 30.82 101.06 0.03 595.27 -999.0 435.72 -999.0 -999.0 -999.0 -999.0 -999.0 -999.0 -999.0
2017 262 12 0 -999.0 -0.0 -0.0 -999.0 -999.0 1.69 70.32 31.08 101.06 0.05 548.66 -999.0 451.23 -999.0 -999.0 -999.0 -999.0 -999.0 -999.0 -999.0
2017 262 13 0 -999.0 -0.0 -0.0 -999.0 -999.0 1.51 68.77 31.27 100.95 0.01 572.82 -999.0 456.31 -999.0 -999.0 -999.0 -999.0 -999.0 -999.0 -999.0
2017 262 14 0 -999.0 -0.0 -0.0 -999.0 -999.0 1.7 61.34 33.15 100.87 0.0 793.28 -999.0 452.18 -999.0 -999.0 -999.0 -999.0 -999.0 -999.0 -999.0
2017 262 15 0 -999.0 -0.0 -0.0 -999.0 -999.0 1.98 60.08 33.22 100.79 0.0 760.82 -999.0 442.22 -999.0 -999.0 -999.0 -999.0 -999.0 -999.0 -999.0
2017 262 16 0 -999.0 -0.0 -0.0 -999.0 -999.0 2.15 59.62 33.07 100.74 0.0 651.96 -999.0 442.34 -999.0 -999.0 -999.0 -999.0 -999.0 -999.0 -999.0
2017 262 17 0 -999.0 -0.0 -0.0 -999.0 -999.0 1.88 59.61 32.71 100.71 0.0 465.42 -999.0 444.85 -999.0 -999.0 -999.0 -999.0 -999.0 -999.0 -999.0
2017 262 18 0 -999.0 -0.0 -0.0 -999.0 -999.0 0.89 65.32 32.01 100.78 0.0 291.41 -999.0 429.04 -999.0 -999.0 -999.0 -999.0 -999.0 -999.0 -999.0
2017 262 19 0 -999.0 -0.0 -0.0 -999.0 -999.0 1.63 71.26 30.75 100.82 0.0 80.09 -999.0 422.75 -999.0 -999.0 -999.0 -999.0 -999.0 -999.0 -999.0
2017 262 20 0 -999.0 -0.0 -0.0 -999.0 -999.0 1.93 81.0 28.84 100.92 0.0 0.11 -999.0 421.56 -999.0 -999.0 -999.0 -999.0 -999.0 -999.0 -999.0
2017 262 21 0 -999.0 -0.0 -0.0 -999.0 -999.0 2.06 88.84 28.34 100.95 0.0 0.0 -999.0 417.83 -999.0 -999.0 -999.0 -999.0 -999.0 -999.0 -999.0
2017 262 22 0 -999.0 -0.0 -0.0 -999.0 -999.0 1.46 93.86 27.83 101.05 0.0 0.0 -999.0 417.22 -999.0 -999.0 -999.0 -999.0 -999.0 -999.0 -999.0
2017 262 23 0 -999.0 -0.0 -0.0 -999.0 -999.0 1.65 95.92 27.73 101.09 0.0 0.0 -999.0 415.78 -999.0 -999.0 -999.0 -999.0 -999.0 -999.0 -999.0
2017 263 0 0 -999.0 -0.0 -0.0 -999.0 -999.0 1.66 96.73 27.56 101.05 0.0 0.0 -999.0 414.17 -999.0 -999.0 -999.0 -999.0 -999.0 -999.0 -999.0
2017 263 1 0 -999.0 -0.0 -0.0 -999.0 -999.0 1.91 96.21 27.64 101.01 0.0 0.0 -999.0 417.16 -999.0 -999.0 -999.0 -999.0 -999.0 -999.0 -999.0
2017 263 2 0 -999.0 -0.0 -0.0 -999.0 -999.0 2.35 98.14 26.95 100.93 0.0 0.0 -999.0 413.45 -999.0 -999.0 -999.0 -999.0 -999.0 -999.0 -999.0
2017 263 3 0 -999.0 -0.0 -0.0 -999.0 -999.0 2.84 97.06 26.88 100.87 0.0 0.0 -999.0 414.15 -999.0 -999.0 -999.0 -999.0 -999.0 -999.0 -999.0
2017 263 4 0 -999.0 -0.0 -0.0 -999.0 -999.0 3.33 95.92 26.93 100.79 0.0 0.0 -999.0 414.53 -999.0 -999.0 -999.0 -999.0 -999.0 -999.0 -999.0
2017 263 5 0 -999.0 -0.0 -0.0 -999.0 -999.0 3.37 95.36 26.91 100.76 0.0 0.0 -999.0 416.54 -999.0 -999.0 -999.0 -999.0 -999.0 -999.0 -999.0
2017 263 6 0 -999.0 -0.0 -0.0 -999.0 -999.0 3.22 93.63 27.09 100.8 0.0 0.0 -999.0 411.12 -999.0 -999.0 -999.0 -999.0 -999.0 -999.0 -999.0
2017 263 7 0 -999.0 -0.0 -0.0 -999.0 -999.0 3.18 93.73 27.03 100.84 0.0 0.0 -999.0 407.76 -999.0 -999.0 -999.0 -999.0 -999.0 -999.0 -999.0
2017 263 8 0 -999.0 -0.0 -0.0 -999.0 -999.0 3.87 88.52 27.54 100.89 0.0 65.53 -999.0 417.54 -999.0 -999.0 -999.0 -999.0 -999.0 -999.0 -999.0
2017 263 9 0 -999.0 -0.0 -0.0 -999.0 -999.0 4.59 85.29 28.64 100.93 0.0 269.48 -999.0 422.13 -999.0 -999.0 -999.0 -999.0 -999.0 -999.0 -999.0
2017 263 10 0 -999.0 -0.0 -0.0 -999.0 -999.0 4.96 71.23 30.5 101.02 0.0 466.33 -999.0 424.26 -999.0 -999.0 -999.0 -999.0 -999.0 -999.0 -999.0
2017 263 11 0 -999.0 -0.0 -0.0 -999.0 -999.0 5.55 71.35 30.87 101.04 0.01 587.72 -999.0 438.98 -999.0 -999.0 -999.0 -999.0 -999.0 -999.0 -999.0
2017 263 12 0 -999.0 -0.0 -0.0 -999.0 -999.0 5.8 73.21 30.75 101.03 0.05 738.01 -999.0 446.52 -999.0 -999.0 -999.0 -999.0 -999.0 -999.0 -999.0
2017 263 13 0 -999.0 -0.0 -0.0 -999.0 -999.0 5.65 74.25 30.42 100.92 0.02 613.03 -999.0 458.88 -999.0 -999.0 -999.0 -999.0 -999.0 -999.0 -999.0
2017 263 14 0 -999.0 -0.0 -0.0 -999.0 -999.0 5.21 72.25 30.77 100.84 0.0 600.5 -999.0 456.83 -999.0 -999.0 -999.0 -999.0 -999.0 -999.0 -999.0
2017 263 15 0 -999.0 -0.0 -0.0 -999.0 -999.0 5.1 71.46 31.21 100.75 0.0 802.93 -999.0 433.06 -999.0 -999.0 -999.0 -999.0 -999.0 -999.0 -999.0
2017 263 16 0 -999.0 -0.0 -0.0 -999.0 -999.0 4.96 73.17 31.04 100.68 0.0 665.81 -999.0 433.03 -999.0 -999.0 -999.0 -999.0 -999.0 -999.0 -999.0
2017 263 17 0 -999.0 -0.0 -0.0 -999.0 -999.0 4.86 77.18 29.64 100.64 0.0 520.14 -999.0 419.96 -999.0 -999.0 -999.0 -999.0 -999.0 -999.0 -999.0
2017 263 18 0 -999.0 -0.0 -0.0 -999.0 -999.0 4.57 79.04 29.22 100.65 0.0 296.71 -999.0 410.18 -999.0 -999.0 -999.0 -999.0 -999.0 -999.0 -999.0
2017 263 19 0 -999.0 -0.0 -0.0 -999.0 -999.0 3.69 81.54 29.03 100.64 0.0 80.96 -999.0 403.56 -999.0 -999.0 -999.0 -999.0 -999.0 -999.0 -999.0
2017 263 20 0 -999.0 -0.0 -0.0 -999.0 -999.0 3.56 93.2 27.26 100.66 0.0 0.05 -999.0 402.11 -999.0 -999.0 -999.0 -999.0 -999.0 -999.0 -999.0
2017 263 21 0 -999.0 -0.0 -0.0 -999.0 -999.0 3.59 93.2 27.2 100.7 0.0 0.0 -999.0 400.82 -999.0 -999.0 -999.0 -999.0 -999.0 -999.0 -999.0
2017 263 22 0 -999.0 -0.0 -0.0 -999.0 -999.0 3.73 94.29 26.95 100.75 0.0 0.0 -999.0 404.31 -999.0 -999.0 -999.0 -999.0 -999.0 -999.0 -999.0
2017 263 23 0 -999.0 -0.0 -0.0 -999.0 -999.0 3.86 93.45 27.01 100.71 0.0 0.0 -999.0 404.43 -999.0 -999.0 -999.0 -999.0 -999.0 -999.0 -999.0
2017 264 0 0 -999.0 -0.0 -0.0 -999.0 -999.0 4.04 94.91 27.1 100.74 0.0 0.0 -999.0 398.95 -999.0 -999.0 -999.0 -999.0 -999.0 -999.0 -999.0
2017 264 1 0 -999.0 -0.0 -0.0 -999.0 -999.0 4.01 95.33 27.04 100.68 0.0 0.0 -999.0 388.2 -999.0 -999.0 -999.0 -999.0 -999.0 -999.0 -999.0
2017 264 2 0 -999.0 -0.0 -0.0 -999.0 -999.0 3.53 96.63 26.81 100.64 0.0 0.0 -999.0 394.35 -999.0 -999.0 -999.0 -999.0 -999.0 -999.0 -999.0
2017 264 3 0 -999.0 -0.0 -0.0 -999.0 -999.0 3.42 97.09 26.89 100.58 0.0 0.0 -999.0 395.89 -999.0 -999.0 -999.0 -999.0 -999.0 -999.0 -999.0
2017 264 4 0 -999.0 -0.0 -0.0 -999.0 -999.0 3.43 97.77 26.91 100.54 0.0 0.0 -999.0 391.6 -999.0 -999.0 -999.0 -999.0 -999.0 -999.0 -999.0
2017 264 5 0 -999.0 -0.0 -0.0 -999.0 -999.0 3.38 97.73 26.32 100.56 0.0 0.0 -999.0 383.97 -999.0 -999.0 -999.0 -999.0 -999.0 -999.0 -999.0
2017 264 6 0 -999.0 -0.0 -0.0 -999.0 -999.0 3.53 97.52 26.58 100.57 0.0 0.0 -999.0 384.11 -999.0 -999.0 -999.0 -999.0 -999.0 -999.0 -999.0
2017 264 7 0 -999.0 -0.0 -0.0 -999.0 -999.0 3.55 95.77 26.41 100.59 0.0 0.0 -999.0 382.2 -999.0 -999.0 -999.0 -999.0 -999.0 -999.0 -999.0
2017 264 8 0 -999.0 -0.0 -0.0 -999.0 -999.0 4.14 93.01 27.45 100.6 0.0 76.28 -999.0 379.14 -999.0 -999.0 -999.0 -999.0 -999.0 -999.0 -999.0
2017 264 9 0 -999.0 -0.0 -0.0 -999.0 -999.0 4.2 87.12 27.95 100.65 0.0 301.26 -999.0 381.59 -999.0 -999.0 -999.0 -999.0 -999.0 -999.0 -999.0
2017 264 10 0 -999.0 -0.0 -0.0 -999.0 -999.0 3.66 69.15 31.67 100.67 0.0 546.51 -999.0 384.91 -999.0 -999.0 -999.0 -999.0 -999.0 -999.0 -999.0
2017 264 11 0 -999.0 -0.0 -0.0 -999.0 -999.0 2.81 64.75 31.99 100.7 0.0 757.24 -999.0 389.21 -999.0 -999.0 -999.0 -999.0 -999.0 -999.0 -999.0
2017 264 12 0 -999.0 -0.0 -0.0 -999.0 -999.0 2.0 60.1 32.88 100.64 0.0 908.85 -999.0 393.96 -999.0 -999.0 -999.0 -999.0 -999.0 -999.0 -999.0
2017 264 13 0 -999.0 -0.0 -0.0 -999.0 -999.0 1.21 56.97 33.3 100.57 0.0 988.6 -999.0 398.78 -999.0 -999.0 -999.0 -999.0 -999.0 -999.0 -999.0
2017 264 14 0 -999.0 -0.0 -0.0 -999.0 -999.0 0.57 53.13 34.47 100.49 0.0 988.5 -999.0 403.44 -999.0 -999.0 -999.0 -999.0 -999.0 -999.0 -999.0
2017 264 15 0 -999.0 -0.0 -0.0 -999.0 -999.0 0.32 51.96 35.04 100.43 0.0 909.71 -999.0 407.25 -999.0 -999.0 -999.0 -999.0 -999.0 -999.0 -999.0
2017 264 16 0 -999.0 -0.0 -0.0 -999.0 -999.0 1.38 52.62 34.18 100.41 0.0 758.72 -999.0 408.83 -999.0 -999.0 -999.0 -999.0 -999.0 -999.0 -999.0
2017 264 17 0 -999.0 -0.0 -0.0 -999.0 -999.0 2.38 56.97 31.96 100.39 0.0 550.95 -999.0 406.33 -999.0 -999.0 -999.0 -999.0 -999.0 -999.0 -999.0
2017 264 18 0 -999.0 -0.0 -0.0 -999.0 -999.0 2.56 63.74 31.21 100.43 0.0 311.79 -999.0 399.52 -999.0 -999.0 -999.0 -999.0 -999.0 -999.0 -999.0
2017 264 19 0 -999.0 -0.0 -0.0 -999.0 -999.0 1.7 68.91 30.17 100.43 0.0 82.63 -999.0 400.74 -999.0 -999.0 -999.0 -999.0 -999.0 -999.0 -999.0
2017 264 20 0 -999.0 -0.0 -0.0 -999.0 -999.0 1.56 83.07 27.19 100.51 0.0 0.04 -999.0 391.61 -999.0 -999.0 -999.0 -999.0 -999.0 -999.0 -999.0
2017 264 21 0 -999.0 -0.0 -0.0 -999.0 -999.0 1.72 85.39 26.63 100.54 0.0 0.0 -999.0 387.06 -999.0 -999.0 -999.0 -999.0 -999.0 -999.0 -999.0
2017 264 22 0 -999.0 -0.0 -0.0 -999.0 -999.0 1.55 96.92 25.97 100.6 0.0 0.0 -999.0 384.24 -999.0 -999.0 -999.0 -999.0 -999.0 -999.0 -999.0
2017 264 23 0 -999.0 -0.0 -0.0 -999.0 -999.0 1.51 96.05 25.97 100.61 0.0 0.0 -999.0 381.64 -999.0 -999.0 -999.0 -999.0 -999.0 -999.0 -999.0
2017 265 0 0 -999.0 -0.0 -0.0 -999.0 -999.0 1.57 94.84 26.02 100.61 0.0 0.0 -999.0 381.52 -999.0 -999.0 -999.0 -999.0 -999.0 -999.0 -999.0
2017 265 1 0 -999.0 -0.0 -0.0 -999.0 -999.0 1.6 92.99 25.99 100.54 0.0 0.0 -999.0 381.37 -999.0 -999.0 -999.0 -999.0 -999.0 -999.0 -999.0
2017 265 2 0 -999.0 -0.0 -0.0 -999.0 -999.0 1.77 93.72 25.43 100.48 0.0 0.0 -999.0 379.89 -999.0 -999.0 -999.0 -999.0 -999.0 -999.0 -999.0
2017 265 3 0 -999.0 -0.0 -0.0 -999.0 -999.0 1.7 94.17 25.52 100.45 0.0 0.0 -999.0 378.5 -999.0 -999.0 -999.0 -999.0 -999.0 -999.0 -999.0
2017 265 4 0 -999.0 -0.0 -0.0 -999.0 -999.0 1.7 95.04 25.25 100.44 0.0 0.0 -999.0 377.74 -999.0 -999.0 -999.0 -999.0 -999.0 -999.0 -999.0
2017 265 5 0 -999.0 -0.0 -0.0 -999.0 -999.0 1.7 97.92 24.31 100.46 0.0 0.0 -999.0 377.32 -999.0 -999.0 -999.0 -999.0 -999.0 -999.0 -999.0
2017 265 6 0 -999.0 -0.0 -0.0 -999.0 -999.0 1.78 97.91 24.35 100.45 0.0 0.0 -999.0 377.58 -999.0 -999.0 -999.0 -999.0 -999.0 -999.0 -999.0
2017 265 7 0 -999.0 -0.0 -0.0 -999.0 -999.0 1.82 97.51 24.62 100.49 0.0 0.0 -999.0 378.94 -999.0 -999.0 -999.0 -999.0 -999.0 -999.0 -999.0
2017 265 8 0 -999.0 -0.0 -0.0 -999.0 -999.0 2.34 85.08 26.99 100.53 0.0 76.91 -999.0 379.68 -999.0 -999.0 -999.0 -999.0 -999.0 -999.0 -999.0
2017 265 9 0 -999.0 -0.0 -0.0 -999.0 -999.0 2.89 77.79 28.02 100.58 0.0 301.24 -999.0 383.82 -999.0 -999.0 -999.0 -999.0 -999.0 -999.0 -999.0
2017 265 10 0 -999.0 -0.0 -0.0 -999.0 -999.0 3.5 62.58 30.9 100.59 0.0 541.81 -999.0 387.65 -999.0 -999.0 -999.0 -999.0 -999.0 -999.0 -999.0
2017 265 11 0 -999.0 -0.0 -0.0 -999.0 -999.0 3.9 58.13 31.45 100.59 0.0 750.86 -999.0 390.38 -999.0 -999.0 -999.0 -999.0 -999.0 -999.0 -999.0
2017 265 12 0 -999.0 -0.0 -0.0 -999.0 -999.0 4.14 55.95 31.97 100.57 0.0 900.76 -999.0 393.65 -999.0 -999.0 -999.0 -999.0 -999.0 -999.0 -999.0
2017 265 13 0 -999.0 -0.0 -0.0 -999.0 -999.0 4.22 56.21 31.5 100.52 0.0 978.81 -999.0 397.35 -999.0 -999.0 -999.0 -999.0 -999.0 -999.0 -999.0
2017 265 14 0 -999.0 -0.0 -0.0 -999.0 -999.0 4.31 55.94 31.79 100.47 0.0 977.92 -999.0 400.63 -999.0 -999.0 -999.0 -999.0 -999.0 -999.0 -999.0
2017 265 15 0 -999.0 -0.0 -0.0 -999.0 -999.0 4.27 57.19 31.26 100.44 0.0 899.56 -999.0 402.34 -999.0 -999.0 -999.0 -999.0 -999.0 -999.0 -999.0
2017 265 16 0 -999.0 -0.0 -0.0 -999.0 -999.0 4.44 62.73 30.81 100.38 0.0 749.46 -999.0 402.02 -999.0 -999.0 -999.0 -999.0 -999.0 -999.0 -999.0
2017 265 17 0 -999.0 -0.0 -0.0 -999.0 -999.0 4.89 66.73 29.72 100.38 0.0 544.46 -999.0 398.63 -999.0 -999.0 -999.0 -999.0 -999.0 -999.0 -999.0
2017 265 18 0 -999.0 -0.0 -0.0 -999.0 -999.0 4.91 69.41 29.27 100.36 0.0 304.07 -999.0 394.02 -999.0 -999.0 -999.0 -999.0 -999.0 -999.0 -999.0
2017 265 19 0 -999.0 -0.0 -0.0 -999.0 -999.0 4.05 71.78 28.85 100.4 0.0 80.27 -999.0 389.02 -999.0 -999.0 -999.0 -999.0 -999.0 -999.0 -999.0
2017 265 20 0 -999.0 -0.0 -0.0 -999.0 -999.0 3.63 81.38 26.43 100.48 0.0 0.0 -999.0 384.53 -999.0 -999.0 -999.0 -999.0 -999.0 -999.0 -999.0
2017 265 21 0 -999.0 -0.0 -0.0 -999.0 -999.0 3.3 85.99 25.86 100.56 0.0 0.0 -999.0 383.67 -999.0 -999.0 -999.0 -999.0 -999.0 -999.0 -999.0
2017 265 22 0 -999.0 -0.0 -0.0 -999.0 -999.0 3.23 89.54 24.66 100.61 0.0 0.0 -999.0 381.2 -999.0 -999.0 -999.0 -999.0 -999.0 -999.0 -999.0
2017 265 23 0 -999.0 -0.0 -0.0 -999.0 -999.0 2.87 89.47 24.68 100.6 0.0 0.0 -999.0 380.55 -999.0 -999.0 -999.0 -999.0 -999.0 -999.0 -999.0
