%iy id it imin Q* QH QE Qs Qf Wind RH Td press rain Kdn snow ldown fcld wuh xsmd lai_hr Kdiff Kdir Wd
2018 15 0 0 -999.0 -0.0 -0.0 -999.0 -999.0 3.86 55.19 19.39 100.92 0.0 0.0 -999.0 312.44 -999.0 -999.0 -999.0 -999.0 -999.0 -999.0 -999.0
2018 15 1 0 -999.0 -0.0 -0.0 -999.0 -999.0 3.92 56.11 19.37 100.9 0.0 0.0 -999.0 307.59 -999.0 -999.0 -999.0 -999.0 -999.0 -999.0 -999.0
2018 15 2 0 -999.0 -0.0 -0.0 -999.0 -999.0 3.99 51.8 18.23 100.87 0.0 0.0 -999.0 304.87 -999.0 -999.0 -999.0 -999.0 -999.0 -999.0 -999.0
2018 15 3 0 -999.0 -0.0 -0.0 -999.0 -999.0 4.04 43.59 18.42 100.82 0.0 0.0 -999.0 302.76 -999.0 -999.0 -999.0 -999.0 -999.0 -999.0 -999.0
2018 15 4 0 -999.0 -0.0 -0.0 -999.0 -999.0 4.0 37.54 18.07 100.75 0.0 0.0 -999.0 300.62 -999.0 -999.0 -999.0 -999.0 -999.0 -999.0 -999.0
2018 15 5 0 -999.0 -0.0 -0.0 -999.0 -999.0 3.99 35.87 16.7 100.79 0.0 0.0 -999.0 298.92 -999.0 -999.0 -999.0 -999.0 -999.0 -999.0 -999.0
2018 15 6 0 -999.0 -0.0 -0.0 -999.0 -999.0 3.97 31.03 17.27 100.8 0.0 0.0 -999.0 297.61 -999.0 -999.0 -999.0 -999.0 -999.0 -999.0 -999.0
2018 15 7 0 -999.0 -0.0 -0.0 -999.0 -999.0 4.01 31.01 17.56 100.83 0.0 0.0 -999.0 297.33 -999.0 -999.0 -999.0 -999.0 -999.0 -999.0 -999.0
2018 15 8 0 -999.0 -0.0 -0.0 -999.0 -999.0 3.99 30.38 18.02 100.85 0.0 5.67 -999.0 295.99 -999.0 -999.0 -999.0 -999.0 -999.0 -999.0 -999.0
2018 15 9 0 -999.0 -0.0 -0.0 -999.0 -999.0 4.65 27.9 19.7 100.93 0.0 136.57 -999.0 297.23 -999.0 -999.0 -999.0 -999.0 -999.0 -999.0 -999.0
2018 15 10 0 -999.0 -0.0 -0.0 -999.0 -999.0 4.54 20.53 25.76 101.02 0.0 344.71 -999.0 303.53 -999.0 -999.0 -999.0 -999.0 -999.0 -999.0 -999.0
2018 15 11 0 -999.0 -0.0 -0.0 -999.0 -999.0 4.51 18.12 27.81 101.02 0.0 571.88 -999.0 312.31 -999.0 -999.0 -999.0 -999.0 -999.0 -999.0 -999.0
2018 15 12 0 -999.0 -0.0 -0.0 -999.0 -999.0 4.28 16.36 30.35 100.97 0.0 747.84 -999.0 318.44 -999.0 -999.0 -999.0 -999.0 -999.0 -999.0 -999.0
2018 15 13 0 -999.0 -0.0 -0.0 -999.0 -999.0 4.25 15.77 32.34 100.89 0.0 846.99 -999.0 326.56 -999.0 -999.0 -999.0 -999.0 -999.0 -999.0 -999.0
2018 15 14 0 -999.0 -0.0 -0.0 -999.0 -999.0 4.2 13.95 34.94 100.79 0.0 866.6 -999.0 333.17 -999.0 -999.0 -999.0 -999.0 -999.0 -999.0 -999.0
2018 15 15 0 -999.0 -0.0 -0.0 -999.0 -999.0 4.06 13.66 34.99 100.72 0.0 815.31 -999.0 335.91 -999.0 -999.0 -999.0 -999.0 -999.0 -999.0 -999.0
2018 15 16 0 -999.0 -0.0 -0.0 -999.0 -999.0 4.38 16.02 33.7 100.65 0.0 685.01 -999.0 337.07 -999.0 -999.0 -999.0 -999.0 -999.0 -999.0 -999.0
2018 15 17 0 -999.0 -0.0 -0.0 -999.0 -999.0 5.06 22.33 30.96 100.7 0.0 494.83 -999.0 334.56 -999.0 -999.0 -999.0 -999.0 -999.0 -999.0 -999.0
2018 15 18 0 -999.0 -0.0 -0.0 -999.0 -999.0 5.2 31.29 28.21 100.7 0.0 266.56 -999.0 329.3 -999.0 -999.0 -999.0 -999.0 -999.0 -999.0 -999.0
2018 15 19 0 -999.0 -0.0 -0.0 -999.0 -999.0 5.23 40.83 23.1 100.76 0.0 59.2 -999.0 319.57 -999.0 -999.0 -999.0 -999.0 -999.0 -999.0 -999.0
2018 15 20 0 -999.0 -0.0 -0.0 -999.0 -999.0 5.6 51.01 19.96 100.81 0.0 0.0 -999.0 313.31 -999.0 -999.0 -999.0 -999.0 -999.0 -999.0 -999.0
2018 15 21 0 -999.0 -0.0 -0.0 -999.0 -999.0 5.69 51.79 20.39 100.88 0.0 0.0 -999.0 309.52 -999.0 -999.0 -999.0 -999.0 -999.0 -999.0 -999.0
2018 15 22 0 -999.0 -0.0 -0.0 -999.0 -999.0 6.03 51.79 18.83 100.93 0.0 0.0 -999.0 307.37 -999.0 -999.0 -999.0 -999.0 -999.0 -999.0 -999.0
2018 15 23 0 -999.0 -0.0 -0.0 -999.0 -999.0 5.89 48.86 19.27 100.96 0.0 0.0 -999.0 306.18 -999.0 -999.0 -999.0 -999.0 -999.0 -999.0 -999.0
2018 16 0 0 -999.0 -0.0 -0.0 -999.0 -999.0 5.5 48.35 19.33 101.0 0.0 0.0 -999.0 304.82 -999.0 -999.0 -999.0 -999.0 -999.0 -999.0 -999.0
2018 16 1 0 -999.0 -0.0 -0.0 -999.0 -999.0 5.05 45.47 19.45 100.98 0.0 0.0 -999.0 302.92 -999.0 -999.0 -999.0 -999.0 -999.0 -999.0 -999.0
2018 16 2 0 -999.0 -0.0 -0.0 -999.0 -999.0 4.81 42.45 18.72 100.94 0.0 0.0 -999.0 300.65 -999.0 -999.0 -999.0 -999.0 -999.0 -999.0 -999.0
2018 16 3 0 -999.0 -0.0 -0.0 -999.0 -999.0 4.85 41.42 18.79 100.9 0.0 0.0 -999.0 298.69 -999.0 -999.0 -999.0 -999.0 -999.0 -999.0 -999.0
2018 16 4 0 -999.0 -0.0 -0.0 -999.0 -999.0 4.9 42.25 18.55 100.9 0.0 0.0 -999.0 296.99 -999.0 -999.0 -999.0 -999.0 -999.0 -999.0 -999.0
2018 16 5 0 -999.0 -0.0 -0.0 -999.0 -999.0 5.04 44.66 16.73 100.89 0.0 0.0 -999.0 295.69 -999.0 -999.0 -999.0 -999.0 -999.0 -999.0 -999.0
2018 16 6 0 -999.0 -0.0 -0.0 -999.0 -999.0 5.11 46.92 16.43 100.93 0.0 0.0 -999.0 294.92 -999.0 -999.0 -999.0 -999.0 -999.0 -999.0 -999.0
2018 16 7 0 -999.0 -0.0 -0.0 -999.0 -999.0 5.25 48.05 16.31 100.94 0.0 0.0 -999.0 295.16 -999.0 -999.0 -999.0 -999.0 -999.0 -999.0 -999.0
2018 16 8 0 -999.0 -0.0 -0.0 -999.0 -999.0 5.47 48.13 16.24 100.99 0.0 5.51 -999.0 293.87 -999.0 -999.0 -999.0 -999.0 -999.0 -999.0 -999.0
2018 16 9 0 -999.0 -0.0 -0.0 -999.0 -999.0 5.87 46.37 17.85 101.05 0.0 135.66 -999.0 294.85 -999.0 -999.0 -999.0 -999.0 -999.0 -999.0 -999.0
2018 16 10 0 -999.0 -0.0 -0.0 -999.0 -999.0 6.84 33.36 23.4 101.09 0.0 361.99 -999.0 299.66 -999.0 -999.0 -999.0 -999.0 -999.0 -999.0 -999.0
2018 16 11 0 -999.0 -0.0 -0.0 -999.0 -999.0 7.08 31.12 24.86 101.12 0.0 576.55 -999.0 305.71 -999.0 -999.0 -999.0 -999.0 -999.0 -999.0 -999.0
2018 16 12 0 -999.0 -0.0 -0.0 -999.0 -999.0 7.09 29.18 26.57 101.07 0.0 742.2 -999.0 312.4 -999.0 -999.0 -999.0 -999.0 -999.0 -999.0 -999.0
2018 16 13 0 -999.0 -0.0 -0.0 -999.0 -999.0 7.06 27.59 27.29 101.03 0.0 840.64 -999.0 318.7 -999.0 -999.0 -999.0 -999.0 -999.0 -999.0 -999.0
2018 16 14 0 -999.0 -0.0 -0.0 -999.0 -999.0 6.8 25.08 29.01 100.89 0.0 863.0 -999.0 323.93 -999.0 -999.0 -999.0 -999.0 -999.0 -999.0 -999.0
2018 16 15 0 -999.0 -0.0 -0.0 -999.0 -999.0 6.55 26.18 28.46 100.83 0.0 807.34 -999.0 327.22 -999.0 -999.0 -999.0 -999.0 -999.0 -999.0 -999.0
2018 16 16 0 -999.0 -0.0 -0.0 -999.0 -999.0 6.44 29.51 27.81 100.75 0.0 678.54 -999.0 328.34 -999.0 -999.0 -999.0 -999.0 -999.0 -999.0 -999.0
2018 16 17 0 -999.0 -0.0 -0.0 -999.0 -999.0 6.62 39.01 25.57 100.75 0.0 489.42 -999.0 326.78 -999.0 -999.0 -999.0 -999.0 -999.0 -999.0 -999.0
2018 16 18 0 -999.0 -0.0 -0.0 -999.0 -999.0 6.27 52.26 22.77 100.8 0.0 264.46 -999.0 322.75 -999.0 -999.0 -999.0 -999.0 -999.0 -999.0 -999.0
2018 16 19 0 -999.0 -0.0 -0.0 -999.0 -999.0 6.16 61.57 20.67 100.85 0.0 59.27 -999.0 318.54 -999.0 -999.0 -999.0 -999.0 -999.0 -999.0 -999.0
2018 16 20 0 -999.0 -0.0 -0.0 -999.0 -999.0 6.44 72.17 17.95 100.95 0.0 0.0 -999.0 312.9 -999.0 -999.0 -999.0 -999.0 -999.0 -999.0 -999.0
2018 16 21 0 -999.0 -0.0 -0.0 -999.0 -999.0 6.52 71.46 18.05 101.02 0.0 0.0 -999.0 309.24 -999.0 -999.0 -999.0 -999.0 -999.0 -999.0 -999.0
2018 16 22 0 -999.0 -0.0 -0.0 -999.0 -999.0 6.83 68.6 16.8 101.05 0.0 0.0 -999.0 306.96 -999.0 -999.0 -999.0 -999.0 -999.0 -999.0 -999.0
2018 16 23 0 -999.0 -0.0 -0.0 -999.0 -999.0 6.72 64.29 17.23 101.09 0.0 0.0 -999.0 305.68 -999.0 -999.0 -999.0 -999.0 -999.0 -999.0 -999.0
2018 17 0 0 -999.0 -0.0 -0.0 -999.0 -999.0 6.45 60.71 17.5 101.11 0.0 0.0 -999.0 304.16 -999.0 -999.0 -999.0 -999.0 -999.0 -999.0 -999.0
2018 17 1 0 -999.0 -0.0 -0.0 -999.0 -999.0 6.24 53.84 17.77 101.11 0.0 0.0 -999.0 301.66 -999.0 -999.0 -999.0 -999.0 -999.0 -999.0 -999.0
2018 17 2 0 -999.0 -0.0 -0.0 -999.0 -999.0 6.02 47.02 16.64 101.07 0.0 0.0 -999.0 298.49 -999.0 -999.0 -999.0 -999.0 -999.0 -999.0 -999.0
2018 17 3 0 -999.0 -0.0 -0.0 -999.0 -999.0 5.75 44.83 16.56 101.08 0.0 0.0 -999.0 295.11 -999.0 -999.0 -999.0 -999.0 -999.0 -999.0 -999.0
2018 17 4 0 -999.0 -0.0 -0.0 -999.0 -999.0 5.48 44.4 16.54 101.05 0.0 0.0 -999.0 292.12 -999.0 -999.0 -999.0 -999.0 -999.0 -999.0 -999.0
2018 17 5 0 -999.0 -0.0 -0.0 -999.0 -999.0 5.28 49.07 15.48 101.05 0.0 0.0 -999.0 289.36 -999.0 -999.0 -999.0 -999.0 -999.0 -999.0 -999.0
2018 17 6 0 -999.0 -0.0 -0.0 -999.0 -999.0 5.18 47.69 15.33 101.08 0.0 0.0 -999.0 287.06 -999.0 -999.0 -999.0 -999.0 -999.0 -999.0 -999.0
2018 17 7 0 -999.0 -0.0 -0.0 -999.0 -999.0 5.21 48.58 14.71 101.12 0.0 0.0 -999.0 285.44 -999.0 -999.0 -999.0 -999.0 -999.0 -999.0 -999.0
2018 17 8 0 -999.0 -0.0 -0.0 -999.0 -999.0 5.34 46.84 15.43 101.15 0.0 5.48 -999.0 283.93 -999.0 -999.0 -999.0 -999.0 -999.0 -999.0 -999.0
2018 17 9 0 -999.0 -0.0 -0.0 -999.0 -999.0 5.74 44.28 16.18 101.25 0.0 135.89 -999.0 284.63 -999.0 -999.0 -999.0 -999.0 -999.0 -999.0 -999.0
2018 17 10 0 -999.0 -0.0 -0.0 -999.0 -999.0 6.93 30.23 20.86 101.3 0.0 363.24 -999.0 289.38 -999.0 -999.0 -999.0 -999.0 -999.0 -999.0 -999.0
2018 17 11 0 -999.0 -0.0 -0.0 -999.0 -999.0 7.31 28.51 22.44 101.31 0.0 578.99 -999.0 295.31 -999.0 -999.0 -999.0 -999.0 -999.0 -999.0 -999.0
2018 17 12 0 -999.0 -0.0 -0.0 -999.0 -999.0 7.3 27.4 23.41 101.25 0.0 746.13 -999.0 301.58 -999.0 -999.0 -999.0 -999.0 -999.0 -999.0 -999.0
2018 17 13 0 -999.0 -0.0 -0.0 -999.0 -999.0 7.03 26.83 23.87 101.22 0.0 846.36 -999.0 307.2 -999.0 -999.0 -999.0 -999.0 -999.0 -999.0 -999.0
2018 17 14 0 -999.0 -0.0 -0.0 -999.0 -999.0 6.67 22.88 27.05 101.07 0.0 869.88 -999.0 311.95 -999.0 -999.0 -999.0 -999.0 -999.0 -999.0 -999.0
2018 17 15 0 -999.0 -0.0 -0.0 -999.0 -999.0 6.46 23.07 26.92 101.01 0.0 814.99 -999.0 315.2 -999.0 -999.0 -999.0 -999.0 -999.0 -999.0 -999.0
2018 17 16 0 -999.0 -0.0 -0.0 -999.0 -999.0 6.42 23.57 26.87 100.93 0.0 686.08 -999.0 316.86 -999.0 -999.0 -999.0 -999.0 -999.0 -999.0 -999.0
2018 17 17 0 -999.0 -0.0 -0.0 -999.0 -999.0 6.52 29.87 25.04 100.94 0.0 496.32 -999.0 316.32 -999.0 -999.0 -999.0 -999.0 -999.0 -999.0 -999.0
2018 17 18 0 -999.0 -0.0 -0.0 -999.0 -999.0 6.15 41.42 22.4 100.94 0.0 269.62 -999.0 313.68 -999.0 -999.0 -999.0 -999.0 -999.0 -999.0 -999.0
2018 17 19 0 -999.0 -0.0 -0.0 -999.0 -999.0 5.55 51.32 20.33 100.95 0.0 61.37 -999.0 309.99 -999.0 -999.0 -999.0 -999.0 -999.0 -999.0 -999.0
2018 17 20 0 -999.0 -0.0 -0.0 -999.0 -999.0 5.47 59.23 16.55 101.01 0.0 0.0 -999.0 304.86 -999.0 -999.0 -999.0 -999.0 -999.0 -999.0 -999.0
2018 17 21 0 -999.0 -0.0 -0.0 -999.0 -999.0 5.27 60.4 16.67 101.07 0.0 0.0 -999.0 301.7 -999.0 -999.0 -999.0 -999.0 -999.0 -999.0 -999.0
2018 17 22 0 -999.0 -0.0 -0.0 -999.0 -999.0 5.65 64.99 16.53 101.13 0.0 0.0 -999.0 299.51 -999.0 -999.0 -999.0 -999.0 -999.0 -999.0 -999.0
2018 17 23 0 -999.0 -0.0 -0.0 -999.0 -999.0 5.45 61.61 16.43 101.18 0.0 0.0 -999.0 297.56 -999.0 -999.0 -999.0 -999.0 -999.0 -999.0 -999.0
2018 18 0 0 -999.0 -0.0 -0.0 -999.0 -999.0 5.37 55.09 16.92 101.21 0.0 0.0 -999.0 295.23 -999.0 -999.0 -999.0 -999.0 -999.0 -999.0 -999.0
2018 18 1 0 -999.0 -0.0 -0.0 -999.0 -999.0 5.42 47.33 17.2 101.19 0.0 0.0 -999.0 292.4 -999.0 -999.0 -999.0 -999.0 -999.0 -999.0 -999.0
2018 18 2 0 -999.0 -0.0 -0.0 -999.0 -999.0 5.37 43.99 15.96 101.16 0.0 0.0 -999.0 289.59 -999.0 -999.0 -999.0 -999.0 -999.0 -999.0 -999.0
2018 18 3 0 -999.0 -0.0 -0.0 -999.0 -999.0 5.27 41.38 15.98 101.16 0.0 0.0 -999.0 287.69 -999.0 -999.0 -999.0 -999.0 -999.0 -999.0 -999.0
2018 18 4 0 -999.0 -0.0 -0.0 -999.0 -999.0 5.04 41.62 15.71 101.11 0.0 0.0 -999.0 286.54 -999.0 -999.0 -999.0 -999.0 -999.0 -999.0 -999.0
2018 18 5 0 -999.0 -0.0 -0.0 -999.0 -999.0 4.9 44.31 15.2 101.09 0.0 0.0 -999.0 285.72 -999.0 -999.0 -999.0 -999.0 -999.0 -999.0 -999.0
2018 18 6 0 -999.0 -0.0 -0.0 -999.0 -999.0 4.81 48.48 14.54 101.07 0.0 0.0 -999.0 285.07 -999.0 -999.0 -999.0 -999.0 -999.0 -999.0 -999.0
2018 18 7 0 -999.0 -0.0 -0.0 -999.0 -999.0 4.73 50.01 14.34 101.09 0.0 0.0 -999.0 284.34 -999.0 -999.0 -999.0 -999.0 -999.0 -999.0 -999.0
2018 18 8 0 -999.0 -0.0 -0.0 -999.0 -999.0 4.86 50.03 14.53 101.13 0.0 5.44 -999.0 283.36 -999.0 -999.0 -999.0 -999.0 -999.0 -999.0 -999.0
2018 18 9 0 -999.0 -0.0 -0.0 -999.0 -999.0 5.32 47.3 16.1 101.18 0.0 136.09 -999.0 284.76 -999.0 -999.0 -999.0 -999.0 -999.0 -999.0 -999.0
2018 18 10 0 -999.0 -0.0 -0.0 -999.0 -999.0 6.32 29.91 22.22 101.24 0.0 364.41 -999.0 289.92 -999.0 -999.0 -999.0 -999.0 -999.0 -999.0 -999.0
2018 18 11 0 -999.0 -0.0 -0.0 -999.0 -999.0 6.91 27.15 24.16 101.25 0.0 581.46 -999.0 296.34 -999.0 -999.0 -999.0 -999.0 -999.0 -999.0 -999.0
2018 18 12 0 -999.0 -0.0 -0.0 -999.0 -999.0 6.85 24.32 25.15 101.21 0.0 750.4 -999.0 303.07 -999.0 -999.0 -999.0 -999.0 -999.0 -999.0 -999.0
2018 18 13 0 -999.0 -0.0 -0.0 -999.0 -999.0 6.46 22.81 25.92 101.17 0.0 851.64 -999.0 309.79 -999.0 -999.0 -999.0 -999.0 -999.0 -999.0 -999.0
2018 18 14 0 -999.0 -0.0 -0.0 -999.0 -999.0 6.06 20.08 28.91 101.05 0.0 876.07 -999.0 315.18 -999.0 -999.0 -999.0 -999.0 -999.0 -999.0 -999.0
2018 18 15 0 -999.0 -0.0 -0.0 -999.0 -999.0 5.79 19.49 29.23 100.98 0.0 821.48 -999.0 318.84 -999.0 -999.0 -999.0 -999.0 -999.0 -999.0 -999.0
2018 18 16 0 -999.0 -0.0 -0.0 -999.0 -999.0 5.58 20.67 28.81 100.89 0.0 692.55 -999.0 320.42 -999.0 -999.0 -999.0 -999.0 -999.0 -999.0 -999.0
2018 18 17 0 -999.0 -0.0 -0.0 -999.0 -999.0 5.48 25.49 27.04 100.88 0.0 502.01 -999.0 320.01 -999.0 -999.0 -999.0 -999.0 -999.0 -999.0 -999.0
2018 18 18 0 -999.0 -0.0 -0.0 -999.0 -999.0 5.14 34.38 24.6 100.89 0.0 273.81 -999.0 317.43 -999.0 -999.0 -999.0 -999.0 -999.0 -999.0 -999.0
2018 18 19 0 -999.0 -0.0 -0.0 -999.0 -999.0 4.65 45.62 22.97 100.91 0.0 63.43 -999.0 312.51 -999.0 -999.0 -999.0 -999.0 -999.0 -999.0 -999.0
2018 18 20 0 -999.0 -0.0 -0.0 -999.0 -999.0 4.78 62.73 18.39 100.97 0.0 0.0 -999.0 307.0 -999.0 -999.0 -999.0 -999.0 -999.0 -999.0 -999.0
2018 18 21 0 -999.0 -0.0 -0.0 -999.0 -999.0 4.7 64.83 18.33 101.04 0.0 0.0 -999.0 303.67 -999.0 -999.0 -999.0 -999.0 -999.0 -999.0 -999.0
2018 18 22 0 -999.0 -0.0 -0.0 -999.0 -999.0 5.34 61.49 16.91 101.08 0.0 0.0 -999.0 301.54 -999.0 -999.0 -999.0 -999.0 -999.0 -999.0 -999.0
2018 18 23 0 -999.0 -0.0 -0.0 -999.0 -999.0 5.51 57.26 17.17 101.15 0.0 0.0 -999.0 299.68 -999.0 -999.0 -999.0 -999.0 -999.0 -999.0 -999.0
