%iy id it imin Q* QH QE Qs Qf Wind RH Td press rain Kdn snow ldown fcld wuh xsmd lai_hr Kdiff Kdir Wd
2017 102 0 0 -999.0 -0.0 -0.0 -999.0 -999.0 7.49 56.55 23.54 100.74 0.0 0.0 -999.0 354.6 -999.0 -999.0 -999.0 -999.0 -999.0 -999.0 -999.0
2017 102 1 0 -999.0 -0.0 -0.0 -999.0 -999.0 6.98 57.21 23.54 100.71 0.0 0.0 -999.0 363.39 -999.0 -999.0 -999.0 -999.0 -999.0 -999.0 -999.0
2017 102 2 0 -999.0 -0.0 -0.0 -999.0 -999.0 6.57 62.07 22.61 100.64 0.0 0.0 -999.0 358.02 -999.0 -999.0 -999.0 -999.0 -999.0 -999.0 -999.0
2017 102 3 0 -999.0 -0.0 -0.0 -999.0 -999.0 6.52 62.01 22.53 100.57 0.0 0.0 -999.0 363.44 -999.0 -999.0 -999.0 -999.0 -999.0 -999.0 -999.0
2017 102 4 0 -999.0 -0.0 -0.0 -999.0 -999.0 6.38 61.66 22.47 100.52 0.0 0.0 -999.0 378.2 -999.0 -999.0 -999.0 -999.0 -999.0 -999.0 -999.0
2017 102 5 0 -999.0 -0.0 -0.0 -999.0 -999.0 6.5 59.37 22.83 100.51 0.0 0.0 -999.0 378.4 -999.0 -999.0 -999.0 -999.0 -999.0 -999.0 -999.0
2017 102 6 0 -999.0 -0.0 -0.0 -999.0 -999.0 6.24 55.4 23.46 100.54 0.0 0.0 -999.0 365.03 -999.0 -999.0 -999.0 -999.0 -999.0 -999.0 -999.0
2017 102 7 0 -999.0 -0.0 -0.0 -999.0 -999.0 6.19 54.84 23.69 100.62 0.0 0.0 -999.0 377.82 -999.0 -999.0 -999.0 -999.0 -999.0 -999.0 -999.0
2017 102 8 0 -999.0 -0.0 -0.0 -999.0 -999.0 6.2 42.95 26.19 100.67 0.0 47.72 -999.0 385.2 -999.0 -999.0 -999.0 -999.0 -999.0 -999.0 -999.0
2017 102 9 0 -999.0 -0.0 -0.0 -999.0 -999.0 5.93 37.2 27.22 100.76 0.0 211.89 -999.0 384.16 -999.0 -999.0 -999.0 -999.0 -999.0 -999.0 -999.0
2017 102 10 0 -999.0 -0.0 -0.0 -999.0 -999.0 5.7 18.29 32.91 100.74 0.0 427.25 -999.0 390.43 -999.0 -999.0 -999.0 -999.0 -999.0 -999.0 -999.0
2017 102 11 0 -999.0 -0.0 -0.0 -999.0 -999.0 6.68 17.36 33.98 100.79 0.0 543.34 -999.0 399.49 -999.0 -999.0 -999.0 -999.0 -999.0 -999.0 -999.0
2017 102 12 0 -999.0 -0.0 -0.0 -999.0 -999.0 6.81 15.4 35.92 100.7 0.0 610.28 -999.0 408.83 -999.0 -999.0 -999.0 -999.0 -999.0 -999.0 -999.0
2017 102 13 0 -999.0 -0.0 -0.0 -999.0 -999.0 6.0 15.32 37.22 100.67 0.0 662.28 -999.0 417.96 -999.0 -999.0 -999.0 -999.0 -999.0 -999.0 -999.0
2017 102 14 0 -999.0 -0.0 -0.0 -999.0 -999.0 6.53 13.7 38.35 100.55 0.0 660.85 -999.0 429.5 -999.0 -999.0 -999.0 -999.0 -999.0 -999.0 -999.0
2017 102 15 0 -999.0 -0.0 -0.0 -999.0 -999.0 6.91 12.6 38.25 100.44 0.0 493.96 -999.0 436.04 -999.0 -999.0 -999.0 -999.0 -999.0 -999.0 -999.0
2017 102 16 0 -999.0 -0.0 -0.0 -999.0 -999.0 6.57 12.53 39.32 100.38 0.0 621.67 -999.0 415.56 -999.0 -999.0 -999.0 -999.0 -999.0 -999.0 -999.0
2017 102 17 0 -999.0 -0.0 -0.0 -999.0 -999.0 5.9 13.03 38.98 100.36 0.0 563.36 -999.0 406.82 -999.0 -999.0 -999.0 -999.0 -999.0 -999.0 -999.0
2017 102 18 0 -999.0 -0.0 -0.0 -999.0 -999.0 4.72 15.9 38.09 100.39 0.0 338.68 -999.0 398.65 -999.0 -999.0 -999.0 -999.0 -999.0 -999.0 -999.0
2017 102 19 0 -999.0 -0.0 -0.0 -999.0 -999.0 3.42 17.39 37.24 100.41 0.0 101.24 -999.0 413.98 -999.0 -999.0 -999.0 -999.0 -999.0 -999.0 -999.0
2017 102 20 0 -999.0 -0.0 -0.0 -999.0 -999.0 2.99 26.35 33.33 100.5 0.0 4.48 -999.0 399.95 -999.0 -999.0 -999.0 -999.0 -999.0 -999.0 -999.0
2017 102 21 0 -999.0 -0.0 -0.0 -999.0 -999.0 3.05 31.4 31.52 100.59 0.0 0.0 -999.0 400.98 -999.0 -999.0 -999.0 -999.0 -999.0 -999.0 -999.0
2017 102 22 0 -999.0 -0.0 -0.0 -999.0 -999.0 3.16 39.2 27.79 100.63 0.0 0.0 -999.0 395.77 -999.0 -999.0 -999.0 -999.0 -999.0 -999.0 -999.0
2017 102 23 0 -999.0 -0.0 -0.0 -999.0 -999.0 4.13 43.09 26.94 100.71 0.0 0.0 -999.0 387.59 -999.0 -999.0 -999.0 -999.0 -999.0 -999.0 -999.0
2017 103 0 0 -999.0 -0.0 -0.0 -999.0 -999.0 4.35 47.19 25.98 100.71 0.0 0.0 -999.0 378.94 -999.0 -999.0 -999.0 -999.0 -999.0 -999.0 -999.0
2017 103 1 0 -999.0 -0.0 -0.0 -999.0 -999.0 4.16 50.85 25.04 100.7 0.0 0.0 -999.0 368.98 -999.0 -999.0 -999.0 -999.0 -999.0 -999.0 -999.0
2017 103 2 0 -999.0 -0.0 -0.0 -999.0 -999.0 3.87 57.72 23.41 100.61 0.0 0.0 -999.0 354.07 -999.0 -999.0 -999.0 -999.0 -999.0 -999.0 -999.0
2017 103 3 0 -999.0 -0.0 -0.0 -999.0 -999.0 3.59 58.98 23.18 100.58 0.0 0.0 -999.0 349.11 -999.0 -999.0 -999.0 -999.0 -999.0 -999.0 -999.0
2017 103 4 0 -999.0 -0.0 -0.0 -999.0 -999.0 3.25 55.3 23.03 100.55 0.0 0.0 -999.0 346.22 -999.0 -999.0 -999.0 -999.0 -999.0 -999.0 -999.0
2017 103 5 0 -999.0 -0.0 -0.0 -999.0 -999.0 3.05 52.16 22.57 100.56 0.0 0.0 -999.0 344.16 -999.0 -999.0 -999.0 -999.0 -999.0 -999.0 -999.0
2017 103 6 0 -999.0 -0.0 -0.0 -999.0 -999.0 3.01 39.91 23.66 100.6 0.0 0.0 -999.0 342.48 -999.0 -999.0 -999.0 -999.0 -999.0 -999.0 -999.0
2017 103 7 0 -999.0 -0.0 -0.0 -999.0 -999.0 2.99 35.82 24.09 100.66 0.0 0.04 -999.0 344.7 -999.0 -999.0 -999.0 -999.0 -999.0 -999.0 -999.0
2017 103 8 0 -999.0 -0.0 -0.0 -999.0 -999.0 3.67 25.54 26.42 100.68 0.0 75.08 -999.0 345.11 -999.0 -999.0 -999.0 -999.0 -999.0 -999.0 -999.0
2017 103 9 0 -999.0 -0.0 -0.0 -999.0 -999.0 3.75 21.72 28.45 100.75 0.0 292.66 -999.0 354.69 -999.0 -999.0 -999.0 -999.0 -999.0 -999.0 -999.0
2017 103 10 0 -999.0 -0.0 -0.0 -999.0 -999.0 4.38 7.04 37.28 100.8 0.0 535.93 -999.0 361.71 -999.0 -999.0 -999.0 -999.0 -999.0 -999.0 -999.0
2017 103 11 0 -999.0 -0.0 -0.0 -999.0 -999.0 4.73 8.68 38.81 100.73 0.0 750.26 -999.0 367.35 -999.0 -999.0 -999.0 -999.0 -999.0 -999.0 -999.0
2017 103 12 0 -999.0 -0.0 -0.0 -999.0 -999.0 4.76 8.83 40.54 100.7 0.0 917.44 -999.0 376.45 -999.0 -999.0 -999.0 -999.0 -999.0 -999.0 -999.0
2017 103 13 0 -999.0 -0.0 -0.0 -999.0 -999.0 4.51 9.58 40.98 100.58 0.0 1006.61 -999.0 383.57 -999.0 -999.0 -999.0 -999.0 -999.0 -999.0 -999.0
2017 103 14 0 -999.0 -0.0 -0.0 -999.0 -999.0 4.12 9.33 42.05 100.48 0.0 1018.26 -999.0 387.98 -999.0 -999.0 -999.0 -999.0 -999.0 -999.0 -999.0
2017 103 15 0 -999.0 -0.0 -0.0 -999.0 -999.0 3.52 9.86 42.14 100.38 0.0 950.44 -999.0 389.96 -999.0 -999.0 -999.0 -999.0 -999.0 -999.0 -999.0
2017 103 16 0 -999.0 -0.0 -0.0 -999.0 -999.0 3.3 10.23 41.69 100.32 0.0 808.96 -999.0 388.7 -999.0 -999.0 -999.0 -999.0 -999.0 -999.0 -999.0
2017 103 17 0 -999.0 -0.0 -0.0 -999.0 -999.0 3.22 13.17 40.08 100.29 0.0 606.99 -999.0 384.68 -999.0 -999.0 -999.0 -999.0 -999.0 -999.0 -999.0
2017 103 18 0 -999.0 -0.0 -0.0 -999.0 -999.0 3.19 14.61 38.24 100.32 0.0 366.92 -999.0 378.51 -999.0 -999.0 -999.0 -999.0 -999.0 -999.0 -999.0
2017 103 19 0 -999.0 -0.0 -0.0 -999.0 -999.0 3.29 16.72 36.47 100.37 0.0 130.17 -999.0 373.05 -999.0 -999.0 -999.0 -999.0 -999.0 -999.0 -999.0
2017 103 20 0 -999.0 -0.0 -0.0 -999.0 -999.0 4.2 27.91 30.06 100.46 0.0 4.73 -999.0 364.41 -999.0 -999.0 -999.0 -999.0 -999.0 -999.0 -999.0
2017 103 21 0 -999.0 -0.0 -0.0 -999.0 -999.0 4.83 30.49 28.79 100.53 0.0 0.0 -999.0 359.63 -999.0 -999.0 -999.0 -999.0 -999.0 -999.0 -999.0
2017 103 22 0 -999.0 -0.0 -0.0 -999.0 -999.0 4.73 37.78 26.15 100.61 0.0 0.0 -999.0 356.38 -999.0 -999.0 -999.0 -999.0 -999.0 -999.0 -999.0
2017 103 23 0 -999.0 -0.0 -0.0 -999.0 -999.0 4.71 40.02 25.64 100.64 0.0 0.0 -999.0 353.59 -999.0 -999.0 -999.0 -999.0 -999.0 -999.0 -999.0
2017 104 0 0 -999.0 -0.0 -0.0 -999.0 -999.0 4.47 43.83 25.23 100.64 0.0 0.0 -999.0 350.78 -999.0 -999.0 -999.0 -999.0 -999.0 -999.0 -999.0
2017 104 1 0 -999.0 -0.0 -0.0 -999.0 -999.0 4.13 47.3 25.02 100.59 0.0 0.0 -999.0 347.76 -999.0 -999.0 -999.0 -999.0 -999.0 -999.0 -999.0
2017 104 2 0 -999.0 -0.0 -0.0 -999.0 -999.0 3.96 51.53 23.5 100.55 0.0 0.0 -999.0 345.07 -999.0 -999.0 -999.0 -999.0 -999.0 -999.0 -999.0
2017 104 3 0 -999.0 -0.0 -0.0 -999.0 -999.0 4.02 48.92 23.75 100.52 0.0 0.0 -999.0 342.93 -999.0 -999.0 -999.0 -999.0 -999.0 -999.0 -999.0
2017 104 4 0 -999.0 -0.0 -0.0 -999.0 -999.0 4.19 45.57 24.18 100.48 0.0 0.0 -999.0 341.67 -999.0 -999.0 -999.0 -999.0 -999.0 -999.0 -999.0
2017 104 5 0 -999.0 -0.0 -0.0 -999.0 -999.0 4.47 40.51 23.61 100.49 0.0 0.0 -999.0 341.1 -999.0 -999.0 -999.0 -999.0 -999.0 -999.0 -999.0
2017 104 6 0 -999.0 -0.0 -0.0 -999.0 -999.0 4.63 33.22 24.25 100.53 0.0 0.0 -999.0 340.77 -999.0 -999.0 -999.0 -999.0 -999.0 -999.0 -999.0
2017 104 7 0 -999.0 -0.0 -0.0 -999.0 -999.0 4.53 28.8 25.04 100.56 0.0 0.04 -999.0 336.08 -999.0 -999.0 -999.0 -999.0 -999.0 -999.0 -999.0
2017 104 8 0 -999.0 -0.0 -0.0 -999.0 -999.0 4.82 21.23 28.09 100.64 0.0 78.77 -999.0 336.41 -999.0 -999.0 -999.0 -999.0 -999.0 -999.0 -999.0
2017 104 9 0 -999.0 -0.0 -0.0 -999.0 -999.0 4.57 20.82 30.08 100.68 0.0 303.96 -999.0 341.36 -999.0 -999.0 -999.0 -999.0 -999.0 -999.0 -999.0
2017 104 10 0 -999.0 -0.0 -0.0 -999.0 -999.0 4.93 12.9 35.62 100.71 0.0 552.52 -999.0 349.54 -999.0 -999.0 -999.0 -999.0 -999.0 -999.0 -999.0
2017 104 11 0 -999.0 -0.0 -0.0 -999.0 -999.0 6.09 11.96 38.05 100.65 0.0 771.32 -999.0 358.75 -999.0 -999.0 -999.0 -999.0 -999.0 -999.0 -999.0
2017 104 12 0 -999.0 -0.0 -0.0 -999.0 -999.0 6.94 11.09 39.82 100.62 0.0 934.63 -999.0 367.43 -999.0 -999.0 -999.0 -999.0 -999.0 -999.0 -999.0
2017 104 13 0 -999.0 -0.0 -0.0 -999.0 -999.0 6.02 11.03 40.41 100.54 0.0 1026.7 -999.0 374.7 -999.0 -999.0 -999.0 -999.0 -999.0 -999.0 -999.0
2017 104 14 0 -999.0 -0.0 -0.0 -999.0 -999.0 4.94 9.62 41.79 100.47 0.0 1039.56 -999.0 379.22 -999.0 -999.0 -999.0 -999.0 -999.0 -999.0 -999.0
2017 104 15 0 -999.0 -0.0 -0.0 -999.0 -999.0 4.36 9.57 42.18 100.36 0.0 971.91 -999.0 379.92 -999.0 -999.0 -999.0 -999.0 -999.0 -999.0 -999.0
2017 104 16 0 -999.0 -0.0 -0.0 -999.0 -999.0 3.95 9.76 42.22 100.32 0.0 829.07 -999.0 378.02 -999.0 -999.0 -999.0 -999.0 -999.0 -999.0 -999.0
2017 104 17 0 -999.0 -0.0 -0.0 -999.0 -999.0 3.52 11.98 40.6 100.29 0.0 623.88 -999.0 373.45 -999.0 -999.0 -999.0 -999.0 -999.0 -999.0 -999.0
2017 104 18 0 -999.0 -0.0 -0.0 -999.0 -999.0 3.25 13.9 38.75 100.3 0.0 378.88 -999.0 366.58 -999.0 -999.0 -999.0 -999.0 -999.0 -999.0 -999.0
2017 104 19 0 -999.0 -0.0 -0.0 -999.0 -999.0 2.95 18.21 36.95 100.33 0.0 135.59 -999.0 361.51 -999.0 -999.0 -999.0 -999.0 -999.0 -999.0 -999.0
2017 104 20 0 -999.0 -0.0 -0.0 -999.0 -999.0 3.54 31.18 29.95 100.42 0.0 5.03 -999.0 351.03 -999.0 -999.0 -999.0 -999.0 -999.0 -999.0 -999.0
2017 104 21 0 -999.0 -0.0 -0.0 -999.0 -999.0 4.3 35.41 29.41 100.5 0.0 0.0 -999.0 345.22 -999.0 -999.0 -999.0 -999.0 -999.0 -999.0 -999.0
2017 104 22 0 -999.0 -0.0 -0.0 -999.0 -999.0 4.56 41.12 26.51 100.56 0.0 0.0 -999.0 342.23 -999.0 -999.0 -999.0 -999.0 -999.0 -999.0 -999.0
2017 104 23 0 -999.0 -0.0 -0.0 -999.0 -999.0 4.24 41.72 26.27 100.6 0.0 0.0 -999.0 340.74 -999.0 -999.0 -999.0 -999.0 -999.0 -999.0 -999.0
2017 105 0 0 -999.0 -0.0 -0.0 -999.0 -999.0 3.93 42.92 26.14 100.64 0.0 0.0 -999.0 338.79 -999.0 -999.0 -999.0 -999.0 -999.0 -999.0 -999.0
2017 105 1 0 -999.0 -0.0 -0.0 -999.0 -999.0 3.66 45.93 25.83 100.61 0.0 0.0 -999.0 336.57 -999.0 -999.0 -999.0 -999.0 -999.0 -999.0 -999.0
2017 105 2 0 -999.0 -0.0 -0.0 -999.0 -999.0 3.62 53.18 23.42 100.55 0.0 0.0 -999.0 334.08 -999.0 -999.0 -999.0 -999.0 -999.0 -999.0 -999.0
2017 105 3 0 -999.0 -0.0 -0.0 -999.0 -999.0 3.41 52.77 23.11 100.52 0.0 0.0 -999.0 331.72 -999.0 -999.0 -999.0 -999.0 -999.0 -999.0 -999.0
2017 105 4 0 -999.0 -0.0 -0.0 -999.0 -999.0 2.96 52.86 22.88 100.49 0.0 0.0 -999.0 329.75 -999.0 -999.0 -999.0 -999.0 -999.0 -999.0 -999.0
2017 105 5 0 -999.0 -0.0 -0.0 -999.0 -999.0 2.89 57.82 21.15 100.49 0.0 0.0 -999.0 327.85 -999.0 -999.0 -999.0 -999.0 -999.0 -999.0 -999.0
2017 105 6 0 -999.0 -0.0 -0.0 -999.0 -999.0 2.95 56.81 20.97 100.57 0.0 0.0 -999.0 326.61 -999.0 -999.0 -999.0 -999.0 -999.0 -999.0 -999.0
2017 105 7 0 -999.0 -0.0 -0.0 -999.0 -999.0 2.77 45.95 21.61 100.55 0.0 0.07 -999.0 323.94 -999.0 -999.0 -999.0 -999.0 -999.0 -999.0 -999.0
2017 105 8 0 -999.0 -0.0 -0.0 -999.0 -999.0 3.38 31.14 25.69 100.63 0.0 81.48 -999.0 324.83 -999.0 -999.0 -999.0 -999.0 -999.0 -999.0 -999.0
2017 105 9 0 -999.0 -0.0 -0.0 -999.0 -999.0 3.35 21.67 28.61 100.69 0.0 309.0 -999.0 331.56 -999.0 -999.0 -999.0 -999.0 -999.0 -999.0 -999.0
2017 105 10 0 -999.0 -0.0 -0.0 -999.0 -999.0 4.02 13.36 36.09 100.73 0.0 558.04 -999.0 341.75 -999.0 -999.0 -999.0 -999.0 -999.0 -999.0 -999.0
2017 105 11 0 -999.0 -0.0 -0.0 -999.0 -999.0 4.8 12.11 37.75 100.68 0.0 776.48 -999.0 351.6 -999.0 -999.0 -999.0 -999.0 -999.0 -999.0 -999.0
2017 105 12 0 -999.0 -0.0 -0.0 -999.0 -999.0 5.32 8.6 40.18 100.66 0.0 938.83 -999.0 360.16 -999.0 -999.0 -999.0 -999.0 -999.0 -999.0 -999.0
2017 105 13 0 -999.0 -0.0 -0.0 -999.0 -999.0 5.06 9.39 40.74 100.55 0.0 1029.33 -999.0 367.77 -999.0 -999.0 -999.0 -999.0 -999.0 -999.0 -999.0
2017 105 14 0 -999.0 -0.0 -0.0 -999.0 -999.0 3.73 8.7 42.02 100.44 0.0 1040.44 -999.0 373.53 -999.0 -999.0 -999.0 -999.0 -999.0 -999.0 -999.0
2017 105 15 0 -999.0 -0.0 -0.0 -999.0 -999.0 2.23 9.18 42.19 100.37 0.0 971.18 -999.0 376.44 -999.0 -999.0 -999.0 -999.0 -999.0 -999.0 -999.0
2017 105 16 0 -999.0 -0.0 -0.0 -999.0 -999.0 2.1 9.86 41.86 100.32 0.0 827.13 -999.0 376.05 -999.0 -999.0 -999.0 -999.0 -999.0 -999.0 -999.0
2017 105 17 0 -999.0 -0.0 -0.0 -999.0 -999.0 3.01 14.72 39.23 100.28 0.0 621.67 -999.0 372.09 -999.0 -999.0 -999.0 -999.0 -999.0 -999.0 -999.0
2017 105 18 0 -999.0 -0.0 -0.0 -999.0 -999.0 3.48 15.62 37.54 100.31 0.0 377.33 -999.0 366.05 -999.0 -999.0 -999.0 -999.0 -999.0 -999.0 -999.0
2017 105 19 0 -999.0 -0.0 -0.0 -999.0 -999.0 3.64 16.97 36.77 100.33 0.0 134.54 -999.0 359.7 -999.0 -999.0 -999.0 -999.0 -999.0 -999.0 -999.0
2017 105 20 0 -999.0 -0.0 -0.0 -999.0 -999.0 3.66 22.65 32.35 100.41 0.0 5.07 -999.0 349.6 -999.0 -999.0 -999.0 -999.0 -999.0 -999.0 -999.0
2017 105 21 0 -999.0 -0.0 -0.0 -999.0 -999.0 3.68 30.99 30.39 100.48 0.0 0.0 -999.0 344.14 -999.0 -999.0 -999.0 -999.0 -999.0 -999.0 -999.0
2017 105 22 0 -999.0 -0.0 -0.0 -999.0 -999.0 3.0 43.13 26.06 100.55 0.0 0.0 -999.0 340.63 -999.0 -999.0 -999.0 -999.0 -999.0 -999.0 -999.0
2017 105 23 0 -999.0 -0.0 -0.0 -999.0 -999.0 3.23 45.6 25.43 100.63 0.0 0.0 -999.0 337.93 -999.0 -999.0 -999.0 -999.0 -999.0 -999.0 -999.0
